5.613281250000000000e+01
1.452929687500000000e+02
5.841406250000000000e+01
1.659101562500000000e+02
6.183593750000000000e+01
1.865273437500000000e+02
6.753906250000000000e+01
2.071445312500000000e+02
7.666406250000000000e+01
2.230039062500000000e+02
8.921093750000000000e+01
2.356914062500000000e+02
1.040390625000000000e+02
2.404492187500000000e+02
1.200078125000000000e+02
2.420351562500000000e+02
1.348359375000000000e+02
2.420351562500000000e+02
1.508046875000000000e+02
2.404492187500000000e+02
1.644921875000000000e+02
2.341054687500000000e+02
1.770390625000000000e+02
2.230039062500000000e+02
1.873046875000000000e+02
2.071445312500000000e+02
1.930078125000000000e+02
1.865273437500000000e+02
1.930078125000000000e+02
1.643242187500000000e+02
1.930078125000000000e+02
1.437070312500000000e+02
1.930078125000000000e+02
1.230898437500000000e+02
6.982031250000000000e+01
1.230898437500000000e+02
7.666406250000000000e+01
1.159531250000000000e+02
8.521875000000000000e+01
1.127812500000000000e+02
9.377343750000000000e+01
1.127812500000000000e+02
1.028984375000000000e+02
1.143671875000000000e+02
1.348359375000000000e+02
1.119882812500000000e+02
1.433906250000000000e+02
1.080234375000000000e+02
1.530859375000000000e+02
1.056445312500000000e+02
1.627812500000000000e+02
1.064375000000000000e+02
1.724765625000000000e+02
1.119882812500000000e+02
1.211484375000000000e+02
1.278476562500000000e+02
1.222890625000000000e+02
1.405351562500000000e+02
1.234296875000000000e+02
1.516367187500000000e+02
1.234296875000000000e+02
1.627382812500000000e+02
1.086015625000000000e+02
1.722539062500000000e+02
1.165859375000000000e+02
1.738398437500000000e+02
1.257109375000000000e+02
1.754257812500000000e+02
1.348359375000000000e+02
1.722539062500000000e+02
1.428203125000000000e+02
1.690820312500000000e+02
8.008593750000000000e+01
1.341914062500000000e+02
8.464843750000000000e+01
1.294335937500000000e+02
9.833593750000000000e+01
1.278476562500000000e+02
1.040390625000000000e+02
1.326054687500000000e+02
9.833593750000000000e+01
1.341914062500000000e+02
8.578906250000000000e+01
1.357773437500000000e+02
1.382578125000000000e+02
1.278476562500000000e+02
1.439609375000000000e+02
1.230898437500000000e+02
1.565078125000000000e+02
1.215039062500000000e+02
1.633515625000000000e+02
1.246757812500000000e+02
1.576484375000000000e+02
1.262617187500000000e+02
1.451015625000000000e+02
1.278476562500000000e+02
9.719531250000000000e+01
1.992148437500000000e+02
1.097421875000000000e+02
1.896992187500000000e+02
1.222890625000000000e+02
1.865273437500000000e+02
1.268515625000000000e+02
1.865273437500000000e+02
1.314140625000000000e+02
1.849414062500000000e+02
1.485234375000000000e+02
1.849414062500000000e+02
1.644921875000000000e+02
1.865273437500000000e+02
1.553671875000000000e+02
1.976289062500000000e+02
1.428203125000000000e+02
2.055585937500000000e+02
1.302734375000000000e+02
2.103164062500000000e+02
1.188671875000000000e+02
2.103164062500000000e+02
1.074609375000000000e+02
2.055585937500000000e+02
9.947656250000000000e+01
1.992148437500000000e+02
1.131640625000000000e+02
1.928710937500000000e+02
1.279921875000000000e+02
1.896992187500000000e+02
1.451015625000000000e+02
1.881132812500000000e+02
1.622109375000000000e+02
1.865273437500000000e+02
1.473828125000000000e+02
1.976289062500000000e+02
1.302734375000000000e+02
2.039726562500000000e+02
1.143046875000000000e+02
2.039726562500000000e+02
