5.985156250000000000e+01
1.255390625000000000e+02
5.985156250000000000e+01
1.492109375000000000e+02
6.092968750000000000e+01
1.713046875000000000e+02
6.524218750000000000e+01
1.949765625000000000e+02
7.386718750000000000e+01
2.139140625000000000e+02
8.572656250000000000e+01
2.296953125000000000e+02
9.974218750000000000e+01
2.423203125000000000e+02
1.148359375000000000e+02
2.470546875000000000e+02
1.299296875000000000e+02
2.470546875000000000e+02
1.450234375000000000e+02
2.438984375000000000e+02
1.590390625000000000e+02
2.360078125000000000e+02
1.687421875000000000e+02
2.218046875000000000e+02
1.784453125000000000e+02
2.028671875000000000e+02
1.849140625000000000e+02
1.839296875000000000e+02
1.892265625000000000e+02
1.634140625000000000e+02
1.892265625000000000e+02
1.413203125000000000e+02
1.892265625000000000e+02
1.192265625000000000e+02
6.955468750000000000e+01
1.144921875000000000e+02
7.925781250000000000e+01
1.042343750000000000e+02
9.165625000000000000e+01
1.018671875000000000e+02
1.040546875000000000e+02
1.026562500000000000e+02
1.148359375000000000e+02
1.058125000000000000e+02
1.407109375000000000e+02
1.073906250000000000e+02
1.509531250000000000e+02
1.042343750000000000e+02
1.622734375000000000e+02
1.026562500000000000e+02
1.719765625000000000e+02
1.034453125000000000e+02
1.816796875000000000e+02
1.113359375000000000e+02
1.299296875000000000e+02
1.208046875000000000e+02
1.320859375000000000e+02
1.350078125000000000e+02
1.331640625000000000e+02
1.492109375000000000e+02
1.342421875000000000e+02
1.634140625000000000e+02
1.126796875000000000e+02
1.649921875000000000e+02
1.223828125000000000e+02
1.681484375000000000e+02
1.320859375000000000e+02
1.728828125000000000e+02
1.417890625000000000e+02
1.697265625000000000e+02
1.493359375000000000e+02
1.665703125000000000e+02
8.464843750000000000e+01
1.223828125000000000e+02
9.003906250000000000e+01
1.176484375000000000e+02
1.029765625000000000e+02
1.176484375000000000e+02
1.094453125000000000e+02
1.223828125000000000e+02
1.029765625000000000e+02
1.239609375000000000e+02
9.003906250000000000e+01
1.239609375000000000e+02
1.461015625000000000e+02
1.223828125000000000e+02
1.525703125000000000e+02
1.160703125000000000e+02
1.655078125000000000e+02
1.176484375000000000e+02
1.719765625000000000e+02
1.208046875000000000e+02
1.655078125000000000e+02
1.223828125000000000e+02
1.536484375000000000e+02
1.239609375000000000e+02
9.327343750000000000e+01
1.855078125000000000e+02
1.094453125000000000e+02
1.807734375000000000e+02
1.256171875000000000e+02
1.807734375000000000e+02
1.310078125000000000e+02
1.791953125000000000e+02
1.353203125000000000e+02
1.807734375000000000e+02
1.514921875000000000e+02
1.823515625000000000e+02
1.644296875000000000e+02
1.839296875000000000e+02
1.558046875000000000e+02
1.981328125000000000e+02
1.450234375000000000e+02
2.076015625000000000e+02
1.320859375000000000e+02
2.107578125000000000e+02
1.169921875000000000e+02
2.091796875000000000e+02
1.040546875000000000e+02
1.997109375000000000e+02
9.435156250000000000e+01
1.855078125000000000e+02
1.126796875000000000e+02
1.839296875000000000e+02
1.310078125000000000e+02
1.855078125000000000e+02
1.482578125000000000e+02
1.855078125000000000e+02
1.633515625000000000e+02
1.855078125000000000e+02
1.493359375000000000e+02
1.981328125000000000e+02
1.320859375000000000e+02
2.028671875000000000e+02
1.105234375000000000e+02
1.997109375000000000e+02
